2021-02-25;70149001;5520898;Chain 1;24;2250.96
2021-03-25;70149001;5520898;Chain 1;12;1125.48
2021-04-15;70149001;5520898;Chain 1;12;1125.48
2020-12-30;70158202;5471692;Chain 1;1056;25618.56
2021-01-16;70158202;5471692;Chain 1;4944;89980.8
2020-12-28;70158202;5471700;Chain 1;3168;76855.68
2021-01-21;70158202;5471700;Chain 1;8208;149385.6
2021-01-30;70158202;5471700;Chain 1;3168;57657.6
2021-02-15;70158202;5471700;Chain 1;4224;76876.8
2021-02-26;70158202;5471700;Chain 1;1056;19219.2
2021-03-12;70158202;5471700;Chain 1;1056;19219.2
2021-03-22;70158202;5471700;Chain 1;8064;145313.28
2021-03-23;70158202;5471700;Chain 1;1056;19029.12
2021-03-29;70158202;5471700;Chain 1;6912;124554.24
2021-04-01;70158202;5471700;Chain 1;2112;38058.24
2021-04-19;70158202;5471700;Chain 1;1056;19029.12
2021-04-24;70158202;5471700;Chain 1;1056;19029.12
2021-04-28;70158202;5471700;Chain 1;1056;19029.12
2021-04-29;70158202;5471700;Chain 1;2112;38058.24
2021-05-20;70158202;5471700;Chain 1;7872;148938.24
2021-05-24;70158202;5471700;Chain 1;1056;19979.52
2021-05-27;70158202;5471700;Chain 1;7392;139856.64
2021-06-14;70158202;5471700;Chain 1;2112;39959.04
2021-06-21;70158202;5471700;Chain 1;1056;19979.52
2021-06-25;70158202;5471700;Chain 1;1056;19979.52
2021-07-01;70158202;5471700;Chain 1;1584;29969.28
2021-07-26;70158202;5471700;Chain 1;1056;18648.96
2021-07-27;70158202;5471700;Chain 1;5280;93244.8
2021-07-29;70158202;5471700;Chain 1;1056;18648.96
2021-08-02;70158202;5471700;Chain 1;1056;18648.96
2021-08-08;70158202;5471700;Chain 1;3696;65271.36
2021-08-12;70158202;5471700;Chain 1;2640;46622.4
2021-08-19;70158202;5471700;Chain 1;1056;18648.96
2021-08-23;70158202;5471700;Chain 1;1056;18648.96
2021-08-30;70158202;5471700;Chain 1;528;9324.48
2021-09-09;70158202;5471700;Chain 1;528;14520
2021-09-13;70158202;5471700;Chain 1;1584;43560
2021-09-17;70158202;5471700;Chain 1;528;10602.24
2021-09-20;70158202;5471700;Chain 1;1584;31806.72
2021-09-27;70158202;5471700;Chain 1;9408;188912.64
2021-09-30;70158202;5471700;Chain 1;1056;21204.48
2021-10-07;70158202;5471700;Chain 1;3696;74215.68
2021-10-15;70158202;5471700;Chain 1;2112;42408.96
2021-10-18;70158202;5471700;Chain 1;2112;42408.96
2021-10-22;70158202;5471700;Chain 1;1584;31806.72
2021-10-27;70158202;5471700;Chain 1;1056;21204.48
2021-10-29;70158202;5471700;Chain 1;528;10602.24
2021-11-16;70158202;5471700;Chain 1;528;14520
2021-11-28;70158202;5471700;Chain 1;3840;79219.2
2021-11-29;70158202;5471700;Chain 1;1584;32677.92
2021-12-06;70158202;5471700;Chain 1;6336;130711.68
2021-12-16;70158202;5471700;Chain 1;1056;21785.28
2021-12-20;70158202;5471700;Chain 1;1584;32677.92
2021-12-24;70158202;5471700;Chain 1;1056;21785.28
2021-12-27;70158202;5471700;Chain 1;1584;32677.92
2022-01-19;70158202;5471700;Chain 1;8544;167120.64
2022-01-26;70158202;5471700;Chain 1;1056;20655.36
2022-01-30;70158202;5471700;Chain 1;6336;123932.16
2022-02-27;70158202;5471700;Chain 1;1056;20655.36
2022-03-14;70158202;5471700;Chain 1;1056;31563.84
2022-03-17;70158202;5471700;Chain 1;1056;31563.84
2022-03-25;70158202;5471700;Chain 1;1056;31563.84
2022-03-31;70158202;5471700;Chain 1;1056;31563.84
2022-04-04;70158202;5471700;Chain 1;528;15781.92
2022-04-07;70158202;5471700;Chain 1;528;15781.92
2022-04-11;70158202;5471700;Chain 1;1056;31563.84
2022-04-14;70158202;5471700;Chain 1;528;15781.92
2022-04-18;70158202;5471700;Chain 1;528;15781.92
2022-04-21;70158202;5471700;Chain 1;1056;37245.12
2022-04-28;70158202;5471700;Chain 1;1056;19731.36
2022-05-02;70158202;5471700;Chain 1;528;11837.76
2022-05-09;70158202;5471700;Chain 1;1584;55867.68
2022-05-12;70158202;5471700;Chain 1;528;18622.56
2022-05-15;70158202;5471700;Chain 1;1056;37245.12
2022-05-19;70158202;5471700;Chain 1;528;18622.56
2022-05-22;70158202;5471700;Chain 1;528;18622.56
2022-05-29;70158202;5471700;Chain 1;1056;37245.12
2022-06-02;70158202;5471700;Chain 1;1056;37245.12
2022-06-09;70158202;5471700;Chain 1;528;18622.56
2022-06-13;70158202;5471700;Chain 1;1056;30539.52
2022-06-17;70158202;5471700;Chain 1;528;15269.76
2022-06-20;70158202;5471700;Chain 1;1056;30539.52
2022-06-23;70158202;5471700;Chain 1;528;15269.76
2022-06-27;70158202;5471700;Chain 1;528;18622.56
2022-06-27;70158202;5471700;Chain 1;8064;233210.88
2022-07-06;70158202;5471700;Chain 1;1584;55867.68
2022-07-13;70158202;5471700;Chain 1;1056;37245.12
2022-07-21;70158202;5471700;Chain 1;528;21304.8
2022-07-25;70158202;5471700;Chain 1;528;15269.76
2022-08-01;70158202;5471700;Chain 1;3696;106888.32
2022-08-04;70158202;5471700;Chain 1;528;21304.8
2021-01-25;70158202;5471735;Chain 1;10560;192192
2021-02-21;70158202;5471735;Chain 1;3168;57657.6
2021-03-23;70158202;5471735;Chain 1;8112;146178.24
2021-03-29;70158202;5471735;Chain 1;6336;114174.72
2021-04-19;70158202;5471735;Chain 1;6336;114174.72
2021-04-26;70158202;5471735;Chain 1;3168;57087.36
2021-05-24;70158202;5471735;Chain 1;11664;220682.88
2021-05-31;70158202;5471735;Chain 1;6336;119877.12
2021-06-14;70158202;5471735;Chain 1;3168;59938.56
2021-06-21;70158202;5471735;Chain 1;3168;59938.56
2021-06-28;70158202;5471735;Chain 1;3168;59938.56
2021-07-26;70158202;5471735;Chain 1;528;9324.48
2021-08-09;70158202;5471735;Chain 1;6336;111893.76
2021-08-23;70158202;5471735;Chain 1;3168;55946.88
2021-08-30;70158202;5471735;Chain 1;3168;87120
2021-09-13;70158202;5471735;Chain 1;3168;87120
2021-09-21;70158202;5471735;Chain 1;10368;208189.44
2021-09-27;70158202;5471735;Chain 1;6336;127226.88
2021-10-11;70158202;5471735;Chain 1;3168;63613.44
2021-10-17;70158202;5471735;Chain 1;3168;63613.44
2021-11-22;70158202;5471735;Chain 1;14112;291130.56
2021-11-29;70158202;5471735;Chain 1;3168;65355.84
2021-12-13;70158202;5471735;Chain 1;3168;88862.4
2021-12-27;70158202;5471735;Chain 1;3168;65355.84
2022-01-24;70158202;5471735;Chain 1;8208;160548.48
2022-01-30;70158202;5471735;Chain 1;3168;61966.08
2022-02-14;70158202;5471735;Chain 1;3168;61966.08
2022-02-22;70158202;5471735;Chain 1;3168;61966.08
2022-03-14;70158202;5471735;Chain 1;3168;94691.52
2022-03-21;70158202;5471735;Chain 1;3216;72102.72
2022-03-28;70158202;5471735;Chain 1;3168;71026.56
2022-05-23;70158202;5471735;Chain 1;3168;111735.36
2022-06-13;70158202;5471735;Chain 1;3168;111735.36
2022-06-27;70158202;5471735;Chain 1;3168;111735.36
2022-06-27;70158202;5471735;Chain 1;9024;260974.08
2022-08-01;70158202;5471735;Chain 1;2352;68019.84
2021-01-19;70158202;5471736;Chain 1;11424;207916.8
2021-02-02;70158202;5471736;Chain 1;6336;115315.2
2021-02-16;70158202;5471736;Chain 1;6336;115315.2
2021-03-22;70158202;5471736;Chain 1;7296;131473.92
2021-03-30;70158202;5471736;Chain 1;6336;114174.72
2021-04-07;70158202;5471736;Chain 1;3168;57087.36
2021-04-20;70158202;5471736;Chain 1;6336;114174.72
2021-04-27;70158202;5471736;Chain 1;6336;114174.72
2021-05-25;70158202;5471736;Chain 1;8256;156203.52
2021-06-01;70158202;5471736;Chain 1;3168;59938.56
2021-06-22;70158202;5471736;Chain 1;6336;119877.12
2021-06-29;70158202;5471736;Chain 1;3168;59938.56
2021-07-20;70158202;5471736;Chain 1;8352;147496.32
2021-07-29;70158202;5471736;Chain 1;6336;111893.76
2021-08-03;70158202;5471736;Chain 1;6336;111893.76
2021-08-17;70158202;5471736;Chain 1;6336;111893.76
2021-08-24;70158202;5471736;Chain 1;6336;111893.76
2021-09-21;70158202;5471736;Chain 1;7872;158069.76
2021-09-27;70158202;5471736;Chain 1;6336;127226.88
2021-10-18;70158202;5471736;Chain 1;12672;254453.76
2021-11-23;70158202;5471736;Chain 1;3936;81199.68
2021-11-30;70158202;5471736;Chain 1;6336;130711.68
2021-12-14;70158202;5471736;Chain 1;9504;196067.52
2021-12-21;70158202;5471736;Chain 1;3168;65355.84
2021-12-28;70158202;5471736;Chain 1;3168;65355.84
2022-01-22;70158202;5471736;Chain 1;7536;204753.12
2021-01-03;70158202;5516832;Chain 1;3168;76855.68
2021-01-21;70158202;5516832;Chain 1;8976;163363.2
2021-01-28;70158202;5516832;Chain 1;3168;57657.6
2021-01-09;70158202;5516906;Chain 1;3696;67267.2
2021-02-10;70158202;5516906;Chain 1;3696;67267.2
2021-02-20;70158202;5516906;Chain 1;384;9223.68
2021-03-13;70158202;5516906;Chain 1;48;1152.96
2021-03-20;70158202;5516906;Chain 1;528;12682.56
2021-04-03;70158202;5516906;Chain 1;336;8070.72
2021-04-07;70158202;5516906;Chain 1;3696;88777.92
2021-04-28;70158202;5516906;Chain 1;3696;66601.92
2021-05-19;70158202;5516906;Chain 1;3696;66601.92
2021-06-23;70158202;5516906;Chain 1;3696;69928.32
2021-07-28;70158202;5516906;Chain 1;3696;69928.32
2021-08-21;70158202;5516906;Chain 1;3696;69928.32
2021-09-22;70158202;5516906;Chain 1;3696;101640
2021-10-23;70158202;5516906;Chain 1;2016;41590.08
2021-11-06;70158202;5516906;Chain 1;1584;32677.92
2021-11-20;70158202;5516906;Chain 1;1200;24756
2021-12-04;70158202;5516906;Chain 1;720;19800
2021-12-18;70158202;5516906;Chain 1;1104;30360
2021-12-25;70158202;5516906;Chain 1;3696;76248.48
2022-02-16;70158202;5516906;Chain 1;3696;110473.44
2022-03-30;70158202;5516906;Chain 1;3696;82864.32
2022-04-20;70158202;5516906;Chain 1;3696;97796.16
2022-04-23;70158202;5516906;Chain 1;3696;82864.32
2022-07-02;70158202;5516906;Chain 1;3696;110806.08
2022-08-03;70158202;5516906;Chain 1;576;17268.48
2022-08-06;70158202;5516906;Chain 1;624;18707.52
2022-08-10;70158202;5516906;Chain 1;816;24463.68
2021-01-08;70158202;5517876;Chain 1;7392;134534.4
2021-01-17;70158202;5517876;Chain 1;3696;67267.2
2021-01-18;70158202;5517876;Chain 1;3696;67267.2
2021-01-22;70158202;5517876;Chain 1;3696;67267.2
2021-01-25;70158202;5517876;Chain 1;3696;67267.2
2021-02-01;70158202;5517876;Chain 1;3696;67267.2
2021-02-15;70158202;5517876;Chain 1;3696;88777.92
2021-03-05;70158202;5517876;Chain 1;3696;88777.92
2021-03-19;70158202;5517876;Chain 1;3696;88777.92
2021-03-29;70158202;5517876;Chain 1;3696;88777.92
2021-04-05;70158202;5517876;Chain 1;3696;88777.92
2021-04-16;70158202;5517876;Chain 1;3696;93250.08
2021-04-25;70158202;5517876;Chain 1;3696;66601.92
2021-05-03;70158202;5517876;Chain 1;3696;66601.92
2021-05-09;70158202;5517876;Chain 1;7392;133203.84
2021-05-17;70158202;5517876;Chain 1;3696;66601.92
2021-05-31;70158202;5517876;Chain 1;3696;66601.92
2021-06-03;70158202;5517876;Chain 1;2064;39050.88
2021-06-11;70158202;5517876;Chain 1;3696;69928.32
2021-06-22;70158202;5517876;Chain 1;3696;93250.08
2021-06-27;70158202;5517876;Chain 1;3696;93250.08
2021-06-29;70158202;5517876;Chain 1;-3696;-93250.08
2021-07-09;70158202;5517876;Chain 1;3696;93250.08
2021-07-23;70158202;5517876;Chain 1;3696;69928.32
2021-07-31;70158202;5517876;Chain 1;7392;139856.64
2021-08-09;70158202;5517876;Chain 1;3696;69928.32
2021-08-20;70158202;5517876;Chain 1;3696;69928.32
2021-08-29;70158202;5517876;Chain 1;4944;93540.48
2021-09-10;70158202;5517876;Chain 1;3696;101640
2021-09-20;70158202;5517876;Chain 1;3696;101640
2021-10-03;70158202;5517876;Chain 1;3696;101640
2021-10-17;70158202;5517876;Chain 1;3696;76248.48
2021-10-22;70158202;5517876;Chain 1;3696;76248.48
2021-10-24;70158202;5517876;Chain 1;7392;152496.96
2021-10-25;70158202;5517876;Chain 1;1392;28716.96
2021-11-07;70158202;5517876;Chain 1;3696;76248.48
2021-11-15;70158202;5517876;Chain 1;7392;152496.96
2021-12-05;70158202;5517876;Chain 1;3696;76248.48
2021-12-13;70158202;5517876;Chain 1;3696;101640
2022-01-07;70158202;5517876;Chain 1;11088;225973.44
2022-01-21;70158202;5517876;Chain 1;3696;110473.44
2022-01-24;70158202;5517876;Chain 1;3696;76248.48
2022-01-25;70158202;5517876;Chain 1;-48;-990.24
2022-02-07;70158202;5517876;Chain 1;3696;76248.48
2022-02-11;70158202;5517876;Chain 1;3696;76248.48
2022-02-24;70158202;5517876;Chain 1;-3696;-76248.48
2022-02-25;70158202;5517876;Chain 1;3696;110473.44
2022-03-06;70158202;5517876;Chain 1;3696;110473.44
2022-03-18;70158202;5517876;Chain 1;3696;82864.32
2022-03-28;70158202;5517876;Chain 1;3696;82864.32
2022-03-31;70158202;5517876;Chain 1;1584;47345.76
2022-04-03;70158202;5517876;Chain 1;7392;220946.88
2022-04-17;70158202;5517876;Chain 1;3696;110473.44
2022-04-22;70158202;5517876;Chain 1;3696;82864.32
2022-04-25;70158202;5517876;Chain 1;3696;27646.08
2022-05-02;70158202;5517876;Chain 1;3696;82864.32
2022-05-06;70158202;5517876;Chain 1;3696;82864.32
2022-05-29;70158202;5517876;Chain 1;3696;110806.08
2022-06-07;70158202;5517876;Chain 1;3696;110806.08
2022-06-13;70158202;5517876;Chain 1;3696;110806.08
2022-06-19;70158202;5517876;Chain 1;3696;110806.08
2022-06-27;70158202;5517876;Chain 1;3696;110806.08
2022-07-18;70158202;5517876;Chain 1;3696;110806.08
2022-08-01;70158202;5517876;Chain 1;3696;110806.08
2022-08-05;70158202;5517876;Chain 1;4464;133830.72
2022-08-07;70158202;5517876;Chain 1;4608;138147.84
2021-01-05;70158202;5519125;Chain 1;3168;76855.68
2021-01-18;70158202;5519125;Chain 1;9552;173846.4
2021-02-16;70158202;5519125;Chain 1;3168;57657.6
2021-02-23;70158202;5519125;Chain 1;3168;57657.6
2021-03-23;70158202;5519125;Chain 1;9168;165207.36
2021-03-30;70158202;5519125;Chain 1;3168;57087.36
2021-04-13;70158202;5519125;Chain 1;9504;171262.08
2021-04-21;70158202;5519125;Chain 1;3168;57087.36
2021-04-27;70158202;5519125;Chain 1;6336;114174.72
2021-05-25;70158202;5519125;Chain 1;13200;249744
2021-06-01;70158202;5519125;Chain 1;3168;59938.56
2021-06-15;70158202;5519125;Chain 1;9504;179815.68
2021-06-23;70158202;5519125;Chain 1;9504;179815.68
2021-07-22;70158202;5519125;Chain 1;6336;111893.76
2021-07-23;70158202;5519125;Chain 1;8784;155125.44
2021-08-10;70158202;5519125;Chain 1;6336;111893.76
2021-08-17;70158202;5519125;Chain 1;9504;167840.64
2021-08-26;70158202;5519125;Chain 1;3168;55946.88
2021-08-31;70158202;5519125;Chain 1;12672;348480
2021-09-23;70158202;5519125;Chain 1;3168;63613.44
2021-10-04;70158202;5519125;Chain 1;3168;63613.44
2021-10-12;70158202;5519125;Chain 1;6336;127226.88
2021-10-26;70158202;5519125;Chain 1;9504;190840.32
2020-12-30;70158202;5519207;Chain 1;528;12809.28
2021-01-03;70158202;5519207;Chain 1;1056;25618.56
2021-01-12;70158202;5519207;Chain 1;1056;25618.56
2021-01-21;70158202;5519207;Chain 1;6864;124924.8
2021-01-28;70158202;5519207;Chain 1;528;9609.6
2021-02-03;70158202;5519207;Chain 1;528;9609.6
2021-01-16;70158202;5519394;Chain 1;6096;110947.2
2021-01-30;70158202;5519394;Chain 1;3696;67267.2
2021-03-20;70158202;5519394;Chain 1;3696;66601.92
2021-03-24;70158202;5519394;Chain 1;6240;112444.8
2021-04-10;70158202;5519394;Chain 1;3696;66601.92
2021-05-05;70158202;5519394;Chain 1;3696;93250.08
2021-05-19;70158202;5519394;Chain 1;2592;49040.64
2021-05-26;70158202;5519394;Chain 1;3696;69928.32
2021-06-05;70158202;5519394;Chain 1;3696;69928.32
2021-07-17;70158202;5519394;Chain 1;8928;157668.48
2021-08-11;70158202;5519394;Chain 1;3696;65271.36
2021-09-15;70158202;5519394;Chain 1;8928;179274.24
2021-10-06;70158202;5519394;Chain 1;3696;74215.68
2021-10-09;70158202;5519394;Chain 1;3696;74215.68
2021-11-24;70158202;5519394;Chain 1;1488;40920
2021-11-24;70158202;5519394;Chain 1;3696;76248.48
2021-12-18;70158202;5519394;Chain 1;3696;76248.48
2022-01-22;70158202;5519394;Chain 1;3696;72293.76
2022-01-26;70158202;5519394;Chain 1;1728;33799.68
2022-02-02;70158202;5519394;Chain 1;3696;72293.76
2022-03-19;70158202;5519394;Chain 1;3696;82864.32
2022-03-23;70158202;5519394;Chain 1;2256;50579.52
2022-05-11;70158202;5519394;Chain 1;3696;130357.92
2022-06-01;70158202;5519394;Chain 1;3696;130357.92
2022-06-25;70158202;5519394;Chain 1;3696;130357.92
2022-06-29;70158202;5519394;Chain 1;4560;160831.2
2022-08-03;70158202;5519394;Chain 1;4752;137427.84
2021-01-19;70158202;5519887;Chain 1;4128;75129.6
2021-01-27;70158202;5519887;Chain 1;4128;75129.6
2021-02-04;70158202;5519887;Chain 1;-4128;-75129.6
2021-03-24;70158202;5519887;Chain 1;4032;72656.64
2021-03-29;70158202;5519887;Chain 1;-4032;-72656.64
2021-05-19;70158202;5519887;Chain 1;1584;29969.28
2021-01-21;70158202;5520563;Chain 1;7584;138028.8
2021-01-27;70158202;5520563;Chain 1;4224;76876.8
2020-12-28;70158202;5520744;Chain 1;1056;25618.56
2021-01-14;70158202;5520744;Chain 1;1872;34070.4
2021-01-21;70158202;5520744;Chain 1;4992;90854.4
2021-01-30;70158202;5520744;Chain 1;3312;60278.4
2021-01-04;70158202;5520875;Chain 1;144;3493.44
2021-01-07;70158202;5520875;Chain 1;336;6115.2
2021-01-14;70158202;5520875;Chain 1;288;5241.6
2021-01-21;70158202;5520875;Chain 1;528;9609.6
2021-01-28;70158202;5520875;Chain 1;192;3494.4
2021-02-04;70158202;5520875;Chain 1;144;2620.8
2021-02-11;70158202;5520875;Chain 1;96;1747.2
2021-02-18;70158202;5520875;Chain 1;192;3494.4
2021-02-25;70158202;5520875;Chain 1;192;4611.84
2021-03-04;70158202;5520875;Chain 1;48;1152.96
2021-03-11;70158202;5520875;Chain 1;96;2305.92
2021-03-18;70158202;5520875;Chain 1;240;5764.8
2021-03-25;70158202;5520875;Chain 1;144;3458.88
2021-04-01;70158202;5520875;Chain 1;192;4611.84
2021-04-08;70158202;5520875;Chain 1;192;4611.84
2021-04-15;70158202;5520875;Chain 1;192;4611.84
2021-04-22;70158202;5520875;Chain 1;288;7266.24
2021-04-29;70158202;5520875;Chain 1;240;4324.8
2021-05-06;70158202;5520875;Chain 1;480;8649.6
2021-05-13;70158202;5520875;Chain 1;240;4324.8
2021-05-20;70158202;5520875;Chain 1;480;8649.6
2021-05-27;70158202;5520875;Chain 1;240;4324.8
2021-06-04;70158202;5520875;Chain 1;240;4324.8
2021-06-10;70158202;5520875;Chain 1;576;10897.92
2021-06-17;70158202;5520875;Chain 1;336;6357.12
2021-06-25;70158202;5520875;Chain 1;192;3632.64
2021-07-01;70158202;5520875;Chain 1;144;3633.12
2021-07-11;70158202;5520875;Chain 1;144;3633.12
2021-07-15;70158202;5520875;Chain 1;144;3960
2021-07-22;70158202;5520875;Chain 1;288;5448.96
2021-07-29;70158202;5520875;Chain 1;432;8173.44
2021-08-06;70158202;5520875;Chain 1;432;8173.44
2021-08-12;70158202;5520875;Chain 1;384;7265.28
2021-08-19;70158202;5520875;Chain 1;96;1816.32
2021-08-27;70158202;5520875;Chain 1;240;4540.8
2021-09-02;70158202;5520875;Chain 1;48;908.16
2021-09-09;70158202;5520875;Chain 1;480;13200
2021-09-16;70158202;5520875;Chain 1;144;2891.52
2021-09-23;70158202;5520875;Chain 1;96;2640
2021-09-30;70158202;5520875;Chain 1;432;11880
2021-10-15;70158202;5520875;Chain 1;96;1980.48
2021-10-21;70158202;5520875;Chain 1;432;8912.16
2021-10-28;70158202;5520875;Chain 1;576;11882.88
2021-11-04;70158202;5520875;Chain 1;480;9902.4
2021-11-11;70158202;5520875;Chain 1;384;7921.92
2021-11-25;70158202;5520875;Chain 1;288;5941.44
2021-11-26;70158202;5520875;Chain 1;288;5941.44
2021-12-09;70158202;5520875;Chain 1;288;5941.44
2021-12-23;70158202;5520875;Chain 1;288;7920
2021-12-28;70158202;5520875;Chain 1;-288;-5941.44
2022-02-03;70158202;5520875;Chain 1;624;12873.12
2022-02-10;70158202;5520875;Chain 1;96;1980.48
2022-02-17;70158202;5520875;Chain 1;144;2970.72
2022-02-25;70158202;5520875;Chain 1;48;1434.72
2022-03-03;70158202;5520875;Chain 1;96;2869.44
2021-01-19;70158202;5520882;Chain 1;5424;98716.8
2020-12-30;70158202;5520883;Chain 1;1056;25618.56
2021-01-13;70158202;5520883;Chain 1;528;12809.28
2021-01-20;70158202;5520883;Chain 1;4320;78624
2021-01-28;70158202;5520883;Chain 1;5280;96096
2021-01-05;70158202;5520887;Chain 1;528;12809.28
2021-01-07;70158202;5520887;Chain 1;1056;19219.2
2021-01-16;70158202;5520887;Chain 1;528;9609.6
2021-01-21;70158202;5520887;Chain 1;-528;-12809.28
2021-01-23;70158202;5520887;Chain 1;2112;38438.4
2021-01-30;70158202;5520887;Chain 1;1056;19219.2
2021-02-04;70158202;5520887;Chain 1;-1056;-19219.2
2021-02-20;70158202;5520887;Chain 1;528;9609.6
2021-02-27;70158202;5520887;Chain 1;528;12682.56
2021-03-13;70158202;5520887;Chain 1;528;12682.56
2021-03-22;70158202;5520887;Chain 1;528;12682.56
2021-03-27;70158202;5520887;Chain 1;528;12682.56
2021-04-03;70158202;5520887;Chain 1;1056;25365.12
2021-04-10;70158202;5520887;Chain 1;1056;25365.12
2021-04-17;70158202;5520887;Chain 1;528;12682.56
2021-04-24;70158202;5520887;Chain 1;1056;26642.88
2021-05-08;70158202;5520887;Chain 1;1440;25948.8
2021-05-29;70158202;5520887;Chain 1;1584;28543.68
2021-06-19;70158202;5520887;Chain 1;1056;19979.52
2021-06-26;70158202;5520887;Chain 1;528;9989.76
2021-07-10;70158202;5520887;Chain 1;1056;26642.88
2021-07-17;70158202;5520887;Chain 1;528;14520
2021-07-31;70158202;5520887;Chain 1;1056;19979.52
2021-08-08;70158202;5520887;Chain 1;1056;19979.52
2021-08-14;70158202;5520887;Chain 1;528;9989.76
2021-08-18;70158202;5520887;Chain 1;-1056;-19979.52
2021-08-21;70158202;5520887;Chain 1;1584;29969.28
2021-08-30;70158202;5520887;Chain 1;528;9989.76
2021-09-04;70158202;5520887;Chain 1;528;9989.76
2021-09-07;70158202;5520887;Chain 1;-528;-9989.76
2021-09-11;70158202;5520887;Chain 1;1056;29040
2021-09-18;70158202;5520887;Chain 1;528;14520
2021-10-02;70158202;5520887;Chain 1;1056;29040
2021-10-09;70158202;5520887;Chain 1;528;14520
2021-10-16;70158202;5520887;Chain 1;528;10892.64
2021-10-23;70158202;5520887;Chain 1;3168;65355.84
2021-11-05;70158202;5520887;Chain 1;528;10892.64
2021-11-13;70158202;5520887;Chain 1;528;10892.64
2021-11-27;70158202;5520887;Chain 1;528;10892.64
2021-12-11;70158202;5520887;Chain 1;1056;21785.28
2021-12-28;70158202;5520887;Chain 1;528;14520
2022-01-04;70158202;5520887;Chain 1;528;10892.64
2022-01-10;70158202;5520887;Chain 1;1056;21521.28
2022-01-29;70158202;5520887;Chain 1;1056;21785.28
2022-02-05;70158202;5520887;Chain 1;528;10892.64
2022-02-19;70158202;5520887;Chain 1;528;10892.64
2022-02-26;70158202;5520887;Chain 1;528;15781.92
2022-03-05;70158202;5520887;Chain 1;1056;31563.84
2022-03-19;70158202;5520887;Chain 1;528;15781.92
2022-03-26;70158202;5520887;Chain 1;1056;23675.52
2022-04-13;70158202;5520887;Chain 1;1056;23675.52
2022-04-23;70158202;5520887;Chain 1;1584;35513.28
2022-04-30;70158202;5520887;Chain 1;528;11837.76
2022-05-07;70158202;5520887;Chain 1;528;11837.76
2022-05-14;70158202;5520887;Chain 1;528;11837.76
2022-05-26;76018375;5470672;Chain 2;171;13430.34
2022-06-09;76018375;5470672;Chain 2;117;9189.18
2022-06-21;76018375;5470672;Chain 2;117;9189.18
2022-06-23;76018375;5470672;Chain 2;18;1413.72
2022-06-29;76018375;5470672;Chain 2;198;15550.92
2022-07-06;76018375;5470672;Chain 2;9;706.86
2022-07-20;76018375;5470672;Chain 2;18;1413.72
2022-07-28;76018375;5470672;Chain 2;198;15550.92
2022-07-29;76018375;5470672;Chain 2;72;5654.88
2022-05-01;76018375;5471702;Chain 2;378;35180.46
2022-05-08;76018375;5471702;Chain 2;144;13402.08
2022-05-16;76018375;5471702;Chain 2;468;49004.28
2022-05-21;76018375;5471702;Chain 2;360;28274.4
2022-05-22;76018375;5471702;Chain 2;162;12723.48
2022-05-29;76018375;5471702;Chain 2;306;24033.24
2022-06-20;76018375;5471702;Chain 2;180;14137.2
2022-06-25;76018375;5471702;Chain 2;342;26860.68
2022-06-26;76018375;5471702;Chain 2;441;34636.14
2022-07-11;76018375;5471702;Chain 2;153;12016.62
2022-07-17;76018375;5471702;Chain 2;270;21205.8
2022-07-25;76018375;5471702;Chain 2;135;10602.9
2022-07-31;76018375;5471702;Chain 2;54;4241.16
2022-08-01;76018375;5471702;Chain 2;144;11309.76
2022-04-25;76018375;5471761;Chain 2;63;5863.41
2022-04-29;76018375;5471761;Chain 2;315;29317.05
2022-05-06;76018375;5471761;Chain 2;153;14239.71
2022-05-07;76018375;5471761;Chain 2;378;35180.46
2022-05-14;76018375;5471761;Chain 2;270;27643.14
2022-05-20;76018375;5471761;Chain 2;90;7068.6
2022-05-21;76018375;5471761;Chain 2;144;11309.76
2022-05-27;76018375;5471761;Chain 2;36;2827.44
2022-05-28;76018375;5471761;Chain 2;477;37463.58
2022-06-19;76018375;5471761;Chain 2;315;24740.1
2022-06-25;76018375;5471761;Chain 2;81;6361.74
2022-07-02;76018375;5471761;Chain 2;18;1413.72
2022-07-16;76018375;5471761;Chain 2;162;12723.48
2022-07-18;76018375;5471761;Chain 2;369;28981.26
2022-07-24;76018375;5471761;Chain 2;63;4948.02
2022-07-31;76018375;5471761;Chain 2;108;8482.32
2022-05-11;76018375;5471817;Chain 2;180;16752.6
2022-05-19;76018375;5471817;Chain 2;18;1884.78
2022-05-25;76018375;5471817;Chain 2;126;9896.04
2022-05-31;76018375;5471817;Chain 2;18;1413.72
2022-06-01;76018375;5471817;Chain 2;90;7068.6
2022-06-07;76018375;5471817;Chain 2;36;2827.44
2022-06-11;76018375;5471817;Chain 2;144;11309.76
2022-06-21;76018375;5471817;Chain 2;180;14137.2
2022-06-28;76018375;5471817;Chain 2;153;12016.62
2022-07-04;76018375;5471817;Chain 2;18;1413.72
2022-08-02;76018375;5471817;Chain 2;162;12723.48
2022-07-17;76018375;5471831;Chain 2;144;11309.76
2022-07-18;76018375;5471831;Chain 2;36;2827.44
2022-07-25;76018375;5471831;Chain 2;90;7068.6
2022-07-31;76018375;5471831;Chain 2;2520;197920.8
2022-05-01;76018375;5471864;Chain 2;270;25128.9
2022-05-07;76018375;5471864;Chain 2;342;31829.94
2022-05-21;76018375;5471864;Chain 2;1026;80582.04
2022-06-26;76018375;5471864;Chain 2;54;4241.16
2022-07-03;76018375;5471864;Chain 2;567;44532.18
2022-07-10;76018375;5471864;Chain 2;171;13430.34
2022-07-17;76018375;5471864;Chain 2;135;10602.9
2022-07-24;76018375;5471864;Chain 2;513;40291.02
2022-07-31;76018375;5471864;Chain 2;72;5654.88
2022-04-23;76018375;5513532;Chain 2;810;75386.7
2022-04-30;76018375;5513532;Chain 2;414;38530.98
2022-05-07;76018375;5513532;Chain 2;162;15077.34
2022-05-14;76018375;5513532;Chain 2;207;21674.97
2022-05-21;76018375;5513532;Chain 2;378;29688.12
2022-06-18;76018375;5513532;Chain 2;117;9189.18
2022-06-25;76018375;5513532;Chain 2;369;28981.26
2022-07-02;76018375;5513532;Chain 2;333;26153.82
2022-07-16;76018375;5513532;Chain 2;9;706.86
2022-07-23;76018375;5513532;Chain 2;801;62910.54
2022-05-08;76018375;5514223;Chain 2;18;1675.26
2022-05-13;76018375;5514223;Chain 2;216;21255.48
2022-05-21;76018375;5514223;Chain 2;306;24033.24
2022-06-03;76018375;5514223;Chain 2;36;2827.44
2022-06-04;76018375;5514223;Chain 2;216;16964.64
2022-06-17;76018375;5514223;Chain 2;117;9189.18
2022-06-24;76018375;5514223;Chain 2;306;24033.24
2022-07-23;76018375;5514223;Chain 2;144;11309.76
2022-07-29;76018375;5514223;Chain 2;36;2827.44
2022-05-03;76018375;5515260;Chain 2;45;4188.15
2022-05-11;76018375;5515260;Chain 2;117;10889.19
2022-05-16;76018375;5515260;Chain 2;108;10051.56
2022-05-18;76018375;5515260;Chain 2;27;2512.89
2022-05-23;76018375;5515260;Chain 2;9;706.86
2022-05-25;76018375;5515260;Chain 2;36;2827.44
2022-06-01;76018375;5515260;Chain 2;9;706.86
2022-06-08;76018375;5515260;Chain 2;27;2120.58
2022-06-20;76018375;5515260;Chain 2;108;8482.32
2022-06-27;76018375;5515260;Chain 2;81;6361.74
2022-06-28;76018375;5515260;Chain 2;54;4241.16
2022-04-27;76018375;5515296;Chain 2;612;56958.84
2022-05-05;76018375;5515296;Chain 2;234;21778.38
2022-05-12;76018375;5515296;Chain 2;342;31829.94
2022-05-18;76018375;5515296;Chain 2;144;15078.24
2022-05-26;76018375;5515296;Chain 2;207;16257.78
2022-06-01;76018375;5515296;Chain 2;81;6361.74
2022-07-14;76018375;5515296;Chain 2;171;13430.34
2022-07-21;76018375;5515296;Chain 2;207;16257.78
2022-04-24;76018375;5517049;Chain 2;378;35180.46
2022-05-01;76018375;5517049;Chain 2;216;20103.12
2022-05-07;76018375;5517049;Chain 2;180;16752.6
2022-05-15;76018375;5517049;Chain 2;144;13402.08
2022-05-21;76018375;5517049;Chain 2;270;21205.8
2022-05-29;76018375;5517049;Chain 2;9;706.86
2022-06-19;76018375;5517049;Chain 2;72;5654.88
2022-06-26;76018375;5517049;Chain 2;378;29688.12
2022-07-03;76018375;5517049;Chain 2;189;14844.06
2022-07-10;76018375;5517049;Chain 2;207;16257.78
2022-07-17;76018375;5517049;Chain 2;387;30394.98
2022-07-23;76018375;5517049;Chain 2;306;24033.24
2022-07-30;76018375;5517049;Chain 2;279;21912.66
2022-07-19;76018375;5517181;Chain 2;432;33929.28
2022-07-26;76018375;5517181;Chain 2;99;7775.46
2022-07-31;76018375;5517181;Chain 2;288;22619.52
2022-08-01;76018375;5517181;Chain 2;117;9189.18
2022-08-03;76018375;5517181;Chain 2;486;38170.44
2022-08-09;76018375;5517181;Chain 2;666;52307.64
2022-08-10;76018375;5517181;Chain 2;324;25446.96
2022-04-26;76018375;5517182;Chain 2;306;28479.42
2022-05-03;76018375;5517182;Chain 2;2799;260502.93
2022-04-25;76018375;5517231;Chain 2;180;16752.6
2022-05-09;76018375;5517231;Chain 2;936;87113.52
2022-04-22;76018375;5517818;Chain 2;423;39368.61
2022-05-07;76018375;5517818;Chain 2;774;72036.18
2022-05-13;76018375;5517818;Chain 2;306;28479.42
2022-05-21;76018375;5517818;Chain 2;90;7068.6
2022-05-28;76018375;5517818;Chain 2;45;3534.3
2022-06-18;76018375;5517818;Chain 2;117;9189.18
2022-06-24;76018375;5517818;Chain 2;594;46652.76
2022-07-16;76018375;5517818;Chain 2;54;4241.16
2022-07-22;76018375;5517818;Chain 2;216;16964.64
2022-07-30;76018375;5517818;Chain 2;117;9189.18
2022-04-27;76018375;5519726;Chain 2;180;16752.6
2022-04-28;76018375;5519726;Chain 2;162;15077.34
2022-05-06;76018375;5519726;Chain 2;9;837.63
2022-05-11;76018375;5519726;Chain 2;81;7538.67
2022-05-19;76018375;5519726;Chain 2;27;2512.89
2022-05-20;76018375;5519726;Chain 2;387;40522.77
2022-05-25;76018375;5519726;Chain 2;36;2827.44
2022-05-28;76018375;5519726;Chain 2;279;21912.66
2022-06-30;76018375;5519726;Chain 2;9;706.86
2022-07-06;76018375;5519726;Chain 2;252;19792.08
2022-07-07;76018375;5519726;Chain 2;36;2827.44
2022-07-20;76018375;5519726;Chain 2;18;1413.72
2022-07-21;76018375;5519726;Chain 2;162;12723.48
2022-08-04;76018375;5519726;Chain 2;18;1413.72
2022-04-27;76018375;5519727;Chain 2;54;5025.78
2022-05-08;76018375;5519727;Chain 2;54;5025.78
2022-05-18;76018375;5519727;Chain 2;270;28271.7
2022-05-22;76018375;5519727;Chain 2;81;6361.74
2022-05-24;76018375;5519727;Chain 2;36;2827.44
2022-06-01;76018375;5519727;Chain 2;63;4948.02
2022-06-27;76018375;5519727;Chain 2;144;11309.76
2022-07-11;76018375;5519727;Chain 2;27;2120.58
2022-07-18;76018375;5519727;Chain 2;135;10602.9
2022-07-27;76018375;5519727;Chain 2;36;2827.44
2022-08-03;76018375;5519727;Chain 2;18;1413.72
2022-08-10;76018375;5519727;Chain 2;45;3534.3
2022-04-24;76018375;5520741;Chain 2;342;31829.94
2022-05-02;76018375;5520741;Chain 2;135;12564.45
2022-05-08;76018375;5520741;Chain 2;171;15914.97
2022-05-16;76018375;5520741;Chain 2;72;6701.04
2022-05-23;76018375;5520741;Chain 2;99;7775.46
2022-05-30;76018375;5520741;Chain 2;504;39584.16
2022-06-21;76018375;5520741;Chain 2;153;12016.62
2022-06-26;76018375;5520741;Chain 2;405;31808.7
2022-07-25;76018375;5520741;Chain 2;315;24740.1
2022-04-26;76018375;5521202;Chain 2;90;8376.3
2022-05-04;76018375;5521202;Chain 2;36;3350.52
2022-05-12;76018375;5521202;Chain 2;243;22616.01
2022-05-17;76018375;5521202;Chain 2;18;1884.78
2022-05-26;76018375;5521202;Chain 2;81;6361.74
2022-05-31;76018375;5521202;Chain 2;72;5654.88
2022-07-07;76018375;5521202;Chain 2;45;3534.3
2022-07-14;76018375;5521202;Chain 2;45;3534.3
2022-07-20;76018375;5521202;Chain 2;99;7775.46
2022-07-28;76018375;5521202;Chain 2;18;1413.72
2022-08-03;76018375;5521202;Chain 2;108;8482.32
2022-05-18;76018375;5523552;Chain 2;171;17905.41
2022-05-25;76018375;5523552;Chain 2;45;3534.3
2022-06-08;76018375;5523552;Chain 2;162;12723.48
2022-06-17;76018375;5523552;Chain 2;45;3534.3
2022-06-22;76018375;5523552;Chain 2;72;5654.88
2022-06-24;76018375;5523552;Chain 2;270;21205.8
2022-06-30;76018375;5523552;Chain 2;342;26860.68
2022-05-12;76018375;5527641;Chain 2;207;19265.49
2022-06-02;76018375;5527641;Chain 2;45;3534.3
2022-06-14;76018375;5527641;Chain 2;225;17671.5
2022-06-20;76018375;5527641;Chain 2;234;18378.36
2022-07-02;76018375;5527641;Chain 2;36;2827.44
2022-04-23;76018375;5528464;Chain 2;270;25128.9
2022-04-30;76018375;5528464;Chain 2;99;9213.93
2022-05-06;76018375;5528464;Chain 2;279;25966.53
2022-05-14;76018375;5528464;Chain 2;171;17905.41
2022-05-20;76018375;5528464;Chain 2;63;4948.02
2022-06-24;76018375;5528464;Chain 2;216;16964.64
2022-07-01;76018375;5528464;Chain 2;45;3534.3
2022-07-08;76018375;5528464;Chain 2;18;1413.72
2022-07-14;76018375;5528464;Chain 2;18;1413.72
2022-07-16;76018375;5528464;Chain 2;54;4241.16
2022-07-23;76018375;5528464;Chain 2;45;3534.3
2022-07-29;76018375;5528464;Chain 2;135;10602.9
2022-05-27;76018378;5470656;Chain 2;182;7977.06
2022-05-27;76018378;5470657;Chain 2;112;4908.96
2022-05-30;76018378;5470660;Chain 2;224;9817.92
2022-05-30;76018378;5470661;Chain 2;420;18408.6
2022-05-30;76018378;5470662;Chain 2;266;11658.78
2022-05-30;76018378;5470663;Chain 2;168;7363.44
2022-05-28;76018378;5470665;Chain 2;350;15340.5
2022-05-30;76018378;5470666;Chain 2;182;7977.06
2022-05-31;76018378;5470667;Chain 2;182;7977.06
2022-05-30;76018378;5470668;Chain 2;420;18408.6
2022-05-30;76018378;5470669;Chain 2;462;20249.46
2022-05-30;76018378;5470670;Chain 2;280;12272.4
2022-05-28;76018378;5470671;Chain 2;196;8590.68
2022-06-01;76018378;5470672;Chain 2;70;3068.1
2022-05-28;76018378;5471702;Chain 2;168;7363.44
2022-05-28;76018378;5471761;Chain 2;322;14113.26
2022-05-31;76018378;5471817;Chain 2;140;6136.2
2022-05-28;76018378;5471831;Chain 2;238;10431.54
2022-05-28;76018378;5471864;Chain 2;238;10431.54
2022-05-28;76018378;5513532;Chain 2;112;4908.96
2022-06-11;76018378;5513532;Chain 2;28;1227.24
2022-06-18;76018378;5513532;Chain 2;56;2454.48
2022-05-28;76018378;5514223;Chain 2;112;4908.96
2022-06-01;76018378;5515296;Chain 2;126;5522.58
2022-05-28;76018378;5517049;Chain 2;140;6136.2
2022-05-30;76018378;5517181;Chain 2;630;27612.9
2022-05-31;76018378;5517182;Chain 2;140;6136.2
2022-05-30;76018378;5517231;Chain 2;70;3068.1
2022-05-28;76018378;5517818;Chain 2;112;4908.96
2022-06-02;76018378;5519726;Chain 2;168;7363.44
2022-05-29;76018378;5519727;Chain 2;140;6136.2
2022-05-30;76018378;5520741;Chain 2;84;3681.72
2022-06-02;76018378;5523552;Chain 2;70;3068.1
2022-06-02;76018378;5527641;Chain 2;210;9204.3
2022-05-27;76018379;5470656;Chain 2;98;4295.34
2022-06-17;76018379;5470656;Chain 2;42;1840.86
2022-05-30;76018379;5470660;Chain 2;224;9817.92
2022-05-29;76018379;5470661;Chain 2;420;18408.6
2022-05-30;76018379;5470662;Chain 2;266;11658.78
2022-05-30;76018379;5470663;Chain 2;168;7363.44
2022-05-28;76018379;5470665;Chain 2;350;15340.5
2022-05-30;76018379;5470666;Chain 2;182;7977.06
2022-05-31;76018379;5470667;Chain 2;182;7977.06
2022-05-30;76018379;5470668;Chain 2;392;17181.36
2022-06-05;76018379;5470668;Chain 2;28;1227.24
2022-05-30;76018379;5470669;Chain 2;462;20249.46
2022-05-30;76018379;5470670;Chain 2;280;12272.4
2022-05-28;76018379;5470671;Chain 2;196;8590.68
2022-06-01;76018379;5470672;Chain 2;70;3068.1
2022-05-28;76018379;5471702;Chain 2;210;9204.3
2022-05-28;76018379;5471761;Chain 2;266;11658.78
2022-05-31;76018379;5471817;Chain 2;140;6136.2
2022-05-29;76018379;5471831;Chain 2;196;8590.68
2022-05-28;76018379;5471864;Chain 2;266;11658.78
2022-05-28;76018379;5513532;Chain 2;140;6136.2
2022-06-11;76018379;5513532;Chain 2;28;1227.24
2022-06-18;76018379;5513532;Chain 2;56;2454.48
2022-05-28;76018379;5514223;Chain 2;126;5522.58
2022-06-01;76018379;5515296;Chain 2;126;5522.58
2022-05-28;76018379;5517049;Chain 2;140;6136.2
2022-05-30;76018379;5517181;Chain 2;588;25772.04
2022-05-31;76018379;5517182;Chain 2;140;6136.2
2022-05-30;76018379;5517231;Chain 2;70;3068.1
2022-05-28;76018379;5517818;Chain 2;84;3681.72
2022-06-02;76018379;5519726;Chain 2;112;4908.96
2022-05-29;76018379;5519727;Chain 2;140;6136.2
2022-06-02;76018379;5523552;Chain 2;70;3068.1
2022-06-02;76018379;5527641;Chain 2;210;9204.3
2022-03-24;76018381;5470654;Chain 2;2520;213318
2022-03-31;76018381;5470654;Chain 2;2952;249886.8
2022-04-20;76018381;5470654;Chain 2;1125;114277.5
2022-04-27;76018381;5470654;Chain 2;144;14627.52
2022-05-04;76018381;5470654;Chain 2;999;101478.42
2022-05-11;76018381;5470654;Chain 2;927;94164.66
2022-05-18;76018381;5470654;Chain 2;495;56568.6
2022-06-30;76018381;5470654;Chain 2;1971;168934.41
2022-07-06;76018381;5470654;Chain 2;1458;124965.18
2022-07-21;76018381;5470654;Chain 2;1152;98737.92
2022-07-28;76018381;5470654;Chain 2;1413;121108.23
2022-08-04;76018381;5470654;Chain 2;522;44740.62
2022-03-19;76018381;5470657;Chain 2;855;72375.75
2022-03-20;76018381;5470657;Chain 2;738;62471.7
2022-03-26;76018381;5470657;Chain 2;423;35806.95
2022-03-27;76018381;5470657;Chain 2;45;3809.25
2022-04-02;76018381;5470657;Chain 2;486;41139.9
2022-04-03;76018381;5470657;Chain 2;4734;400733.1
2022-05-14;76018381;5470657;Chain 2;342;34740.36
2022-05-28;76018381;5470657;Chain 2;351;30084.21
2022-06-05;76018381;5470657;Chain 2;1080;92566.8
2022-06-11;76018381;5470657;Chain 2;441;37798.11
2022-06-12;76018381;5470657;Chain 2;1512;129593.52
2022-06-25;76018381;5470657;Chain 2;261;22370.31
2022-06-26;76018381;5470657;Chain 2;1215;104137.65
2022-07-11;76018381;5470657;Chain 2;540;46283.4
2022-07-17;76018381;5470657;Chain 2;882;75596.22
2022-03-19;76018381;5470665;Chain 2;5481;463966.65
2022-03-23;76018381;5471817;Chain 2;2439;206461.35
2022-05-19;76018381;5471817;Chain 2;1116;127536.48
2022-05-25;76018381;5471817;Chain 2;90;7713.9
2022-06-01;76018381;5471817;Chain 2;306;26227.26
2022-06-28;76018381;5471817;Chain 2;504;43197.84
2022-07-13;76018381;5471817;Chain 2;108;9256.68
2022-07-19;76018381;5471817;Chain 2;585;50140.35
2022-08-02;76018381;5471817;Chain 2;477;40883.67
2022-04-04;76018381;5471831;Chain 2;117;9904.05
2022-04-17;76018381;5471831;Chain 2;54;5485.32
2022-04-24;76018381;5471831;Chain 2;135;13713.3
2022-04-25;76018381;5471831;Chain 2;972;98735.76
2022-05-01;76018381;5471831;Chain 2;81;8227.98
2022-05-08;76018381;5471831;Chain 2;711;72223.38
2022-05-15;76018381;5471831;Chain 2;225;25713
2022-05-23;76018381;5471831;Chain 2;279;23913.09
2022-06-12;76018381;5471831;Chain 2;558;47826.18
2022-06-19;76018381;5471831;Chain 2;180;15427.8
2022-06-26;76018381;5471831;Chain 2;261;22370.31
2022-06-27;76018381;5471831;Chain 2;189;16199.19
2022-07-02;76018381;5471831;Chain 2;468;40112.28
2022-07-03;76018381;5471831;Chain 2;144;12342.24
2022-07-11;76018381;5471831;Chain 2;432;37026.72
2022-07-18;76018381;5471831;Chain 2;900;77139
2022-07-25;76018381;5471831;Chain 2;765;65568.15
2022-07-31;76018381;5471831;Chain 2;477;40883.67
2022-03-22;76018381;5523552;Chain 2;45;3809.25
2022-03-23;76018381;5523552;Chain 2;270;22855.5
2022-03-30;76018381;5523552;Chain 2;261;22093.65
2022-03-31;76018381;5523552;Chain 2;144;12189.6
2022-05-18;76018381;5523552;Chain 2;135;15427.8
2022-06-02;76018381;5523552;Chain 2;54;4628.34
2022-06-22;76018381;5523552;Chain 2;99;8485.29
2022-06-24;76018381;5523552;Chain 2;171;14656.41
2022-07-06;76018381;5523552;Chain 2;261;22370.31
2022-07-08;76018381;5523552;Chain 2;72;6171.12
2022-07-13;76018381;5523552;Chain 2;36;3085.56
2022-07-20;76018381;5523552;Chain 2;9;771.39
2022-07-23;76018381;5523552;Chain 2;180;15427.8
2022-07-30;76018381;5523552;Chain 2;234;20056.14
2022-08-03;76018381;5523552;Chain 2;63;5399.73
2022-03-18;76018383;5470657;Chain 2;9;562.23
2022-03-20;76018383;5470657;Chain 2;27;1686.69
2022-03-26;76018383;5470657;Chain 2;486;30360.42
2022-03-27;76018383;5470657;Chain 2;9;562.23
2022-07-17;76018383;5470657;Chain 2;333;28541.43
2022-07-23;76018383;5470657;Chain 2;576;49368.96
2022-01-07;76018426;5470654;Chain 2;1860;91549.2
2022-01-14;76018426;5470654;Chain 2;1464;72058.08
2022-02-24;76018426;5470654;Chain 2;8580;435091.8
2022-03-02;76018426;5470654;Chain 2;5148;261055.08
2022-03-09;76018426;5470654;Chain 2;36;1825.56
2022-03-23;76018426;5470654;Chain 2;5124;259838.04
2022-04-13;76018426;5470654;Chain 2;12924;963742.68
2022-04-20;76018426;5470654;Chain 2;3456;257713.92
2022-06-02;76018426;5470654;Chain 2;552;41162.64
2022-01-11;76018426;5470657;Chain 2;5148;253384.56
2022-01-19;76018426;5470657;Chain 2;1332;66283.56
2022-01-24;76018426;5470657;Chain 2;6864;337846.08
2022-01-25;76018426;5470657;Chain 2;5196;267227.16
2022-02-01;76018426;5470657;Chain 2;1248;64209.6
2022-02-06;76018426;5470657;Chain 2;1560;80262
2022-02-19;76018426;5470657;Chain 2;5148;261055.08
2022-02-21;76018426;5470657;Chain 2;1644;83367.24
2022-02-25;76018426;5470657;Chain 2;336;17038.56
2022-02-26;76018426;5470657;Chain 2;3456;175742.16
2022-03-05;76018426;5470657;Chain 2;96;4868.16
2022-03-11;76018426;5470657;Chain 2;8640;438134.4
2022-03-16;76018426;5470657;Chain 2;312;15821.52
2022-03-18;76018426;5470657;Chain 2;180;9127.8
2022-03-19;76018426;5470657;Chain 2;444;22515.24
2022-03-25;76018426;5470657;Chain 2;324;16430.04
2022-03-26;76018426;5470657;Chain 2;360;18255.6
2022-04-10;76018426;5470657;Chain 2;10584;789248.88
2022-04-16;76018426;5470657;Chain 2;7056;526165.92
2022-04-19;76018426;5470657;Chain 2;-192;-14317.44
2022-04-23;76018426;5470657;Chain 2;1908;142279.56
2022-04-24;76018426;5470657;Chain 2;432;32214.24
2022-04-29;76018426;5470657;Chain 2;2340;174493.8
2022-05-01;76018426;5470657;Chain 2;312;23265.84
2022-05-14;76018426;5470657;Chain 2;1140;85009.8
2022-05-21;76018426;5470657;Chain 2;3144;234448.08
2022-05-28;76018426;5470657;Chain 2;288;21476.16
2022-06-04;76018426;5470657;Chain 2;1776;132436.32
2022-03-03;76018426;5470658;Chain 2;708;35902.68
2022-03-16;76018426;5470658;Chain 2;516;26166.36
2022-03-23;76018426;5470658;Chain 2;528;26774.88
2022-03-05;76018426;5470664;Chain 2;864;43813.44
2022-03-12;76018426;5470664;Chain 2;636;32251.56
2022-03-19;76018426;5470664;Chain 2;636;32251.56
2022-01-10;76018426;5470665;Chain 2;1248;61426.56
2022-01-23;76018426;5470665;Chain 2;1716;84461.52
2022-01-29;76018426;5470665;Chain 2;312;16052.4
2022-02-19;76018426;5470665;Chain 2;468;23732.28
2022-02-27;76018426;5470665;Chain 2;3432;174036.72
2022-03-06;76018426;5470665;Chain 2;4056;205679.76
2022-03-13;76018426;5470665;Chain 2;1716;87018.36
2022-03-19;76018426;5470665;Chain 2;1560;79107.6
2022-04-03;76018426;5470665;Chain 2;1716;87018.36
2022-05-22;76018426;5470665;Chain 2;2340;174493.8
2022-01-10;76018426;5471817;Chain 2;1740;85642.8
2022-01-17;76018426;5471817;Chain 2;1164;57292.08
2022-01-19;76018426;5471817;Chain 2;756;38039.88
2022-01-25;76018426;5471817;Chain 2;1944;100018.8
2022-01-31;76018426;5471817;Chain 2;396;19491.12
2022-02-01;76018426;5471817;Chain 2;972;50009.4
2022-02-02;76018426;5471817;Chain 2;1044;53713.8
2022-02-07;76018426;5471817;Chain 2;1284;66061.8
2022-02-08;76018426;5471817;Chain 2;600;30870
2022-02-15;76018426;5471817;Chain 2;1344;68154.24
2022-02-16;76018426;5471817;Chain 2;2160;109862.16
2022-02-22;76018426;5471817;Chain 2;5952;301825.92
2022-02-23;76018426;5471817;Chain 2;6864;348073.44
2022-02-24;76018426;5471817;Chain 2;156;7910.76
2022-03-01;76018426;5471817;Chain 2;1524;77850.36
2022-03-07;76018426;5471817;Chain 2;8124;411968.04
2022-03-08;76018426;5471817;Chain 2;5988;303651.48
2022-03-14;76018426;5471817;Chain 2;5148;261055.08
2022-03-15;76018426;5471817;Chain 2;12;608.52
2022-03-21;76018426;5471817;Chain 2;4428;224543.88
2022-03-23;76018426;5471817;Chain 2;84;4259.64
2022-05-19;76018426;5471817;Chain 2;600;44742
2022-05-24;76018426;5471817;Chain 2;660;49216.2
2022-05-31;76018426;5471817;Chain 2;648;48321.36
2022-06-01;76018426;5471817;Chain 2;612;45636.84
2022-06-07;76018426;5471817;Chain 2;1464;109170.48
2022-01-08;76018426;5471831;Chain 2;1728;85052.16
2022-01-15;76018426;5471831;Chain 2;864;42526.08
2022-01-16;76018426;5471831;Chain 2;864;42526.08
2022-01-23;76018426;5471831;Chain 2;3456;170104.32
2022-01-31;76018426;5471831;Chain 2;4320;222264
2022-02-01;76018426;5471831;Chain 2;864;44452.8
2022-02-21;76018426;5471831;Chain 2;3456;175253.76
2022-02-23;76018426;5471831;Chain 2;1728;87626.88
2022-02-25;76018426;5471831;Chain 2;3456;175253.76
2022-03-05;76018426;5471831;Chain 2;864;43813.44
2022-03-06;76018426;5471831;Chain 2;2592;131440.32
2022-03-13;76018426;5471831;Chain 2;1728;87626.88
2022-03-19;76018426;5471831;Chain 2;864;43813.44
2022-04-24;76018426;5471831;Chain 2;864;64428.48
2022-04-29;76018426;5471831;Chain 2;864;64428.48
2022-05-08;76018426;5471831;Chain 2;1728;128856.96
2022-05-15;76018426;5471831;Chain 2;1728;128856.96
2022-06-04;76018426;5471831;Chain 2;1728;128856.96
2022-06-05;76018426;5471831;Chain 2;1728;128856.96
2022-02-27;76018426;5471864;Chain 2;1404;71196.84
2022-03-13;76018426;5471864;Chain 2;1020;51724.2
2022-03-19;76018426;5471864;Chain 2;1032;52332.72
2022-01-15;76018426;5513532;Chain 2;1980;97455.6
2022-01-22;76018426;5513532;Chain 2;84;4134.48
2022-01-29;76018426;5513532;Chain 2;2784;143236.8
2022-02-05;76018426;5513532;Chain 2;2520;129654
2022-02-12;76018426;5513532;Chain 2;276;14200.2
2022-02-19;76018426;5513532;Chain 2;2196;111359.16
2022-02-26;76018426;5513532;Chain 2;2280;115618.8
2022-03-05;76018426;5513532;Chain 2;8580;435091.8
2022-03-19;76018426;5513532;Chain 2;3432;174036.72
2022-03-26;76018426;5513532;Chain 2;2244;113793.24
2022-04-09;76018426;5513532;Chain 2;4728;352566.96
2022-04-16;76018426;5513532;Chain 2;180;13422.6
2022-04-23;76018426;5513532;Chain 2;1176;87694.32
2022-04-30;76018426;5513532;Chain 2;72;5369.04
2022-05-07;76018426;5513532;Chain 2;960;71587.2
2022-05-14;76018426;5513532;Chain 2;972;72482.04
2022-05-21;76018426;5513532;Chain 2;300;22371
2022-05-28;76018426;5513532;Chain 2;2352;175388.64
2022-03-06;76018426;5514223;Chain 2;3432;174036.72
2022-03-11;76018426;5514223;Chain 2;2412;122312.52
2022-03-19;76018426;5514223;Chain 2;2496;126572.16
2022-03-03;76018426;5515296;Chain 2;852;43204.92
2022-03-17;76018426;5515296;Chain 2;624;31643.04
2022-03-23;76018426;5515296;Chain 2;636;32251.56
2022-03-06;76018426;5517049;Chain 2;444;22515.24
2022-03-13;76018426;5517049;Chain 2;312;15821.52
2022-03-20;76018426;5517049;Chain 2;324;16430.04
2022-03-04;76018426;5517818;Chain 2;3432;174036.72
2022-03-19;76018426;5517818;Chain 2;1668;84584.28
2022-03-26;76018426;5517818;Chain 2;2172;110142.12
2022-01-12;76018426;5523552;Chain 2;1092;53748.24
2022-01-18;76018426;5523552;Chain 2;156;7678.32
2022-02-09;76018426;5523552;Chain 2;156;8026.2
2022-02-23;76018426;5523552;Chain 2;936;47464.56
2022-03-02;76018426;5523552;Chain 2;3432;174036.72
2022-03-09;76018426;5523552;Chain 2;2652;134482.92
2022-03-22;76018426;5523552;Chain 2;1404;71196.84
2022-04-06;76018426;5523552;Chain 2;1716;87018.36
2022-06-02;76018426;5523552;Chain 2;312;23265.84
2022-06-08;76018426;5523552;Chain 2;156;11632.92
2022-03-05;76018426;5528464;Chain 2;3432;174036.72
2022-03-18;76018426;5528464;Chain 2;624;31643.04
2022-03-25;76018426;5528464;Chain 2;1740;88235.4
2020-12-30;79000226;5470657;Chain 2;96;13164.48
2021-01-06;79000226;5470657;Chain 2;384;52657.92
2021-01-27;79000226;5470657;Chain 2;72;14105.52
2021-02-03;79000226;5470657;Chain 2;144;28211.04
2021-02-17;79000226;5470657;Chain 2;168;32912.88
2021-02-21;79000226;5470657;Chain 2;-168;-32912.88
2021-02-24;79000226;5470657;Chain 2;48;9403.68
2021-03-03;79000226;5470657;Chain 2;96;18807.36
2021-03-10;79000226;5470657;Chain 2;156;30561.96
2021-03-17;79000226;5470657;Chain 2;48;9403.68
2021-03-31;79000226;5470657;Chain 2;336;69118.56
2021-04-21;79000226;5470657;Chain 2;276;56775.96
2021-05-11;79000226;5470657;Chain 2;276;39744
2021-06-08;79000226;5470657;Chain 2;132;26881.8
2021-06-09;79000226;5470657;Chain 2;228;32832
2021-06-27;79000226;5470657;Chain 2;144;29325.6
2021-06-27;79000226;5470657;Chain 2;120;17107.2
2021-07-13;79000226;5470657;Chain 2;228;46432.2
2021-07-20;79000226;5470657;Chain 2;276;56207.4
2021-07-22;79000226;5470657;Chain 2;324;46189.44
2021-07-28;79000226;5470657;Chain 2;204;29082.24
2021-08-20;79000226;5470657;Chain 2;300;42768
2021-08-25;79000226;5470657;Chain 2;252;35925.12
2021-08-31;79000226;5470657;Chain 2;36;7331.4
2021-09-22;79000226;5470657;Chain 2;204;41544.6
2021-09-22;79000226;5470657;Chain 2;216;30792.96
2021-10-19;79000226;5470657;Chain 2;132;18817.92
2021-11-16;79000226;5470657;Chain 2;300;42768
2021-12-01;79000226;5470657;Chain 2;780;111196.8
2021-12-20;79000226;5470657;Chain 2;-780;-111196.8
2021-12-21;79000226;5470657;Chain 2;48;6842.88
2021-12-28;79000226;5470657;Chain 2;420;59875.2
2022-01-04;79000226;5470657;Chain 2;780;111196.8
2022-01-11;79000226;5470657;Chain 2;228;32503.68
2022-02-01;79000226;5470657;Chain 2;492;70139.52
2022-06-25;79000226;5470657;Chain 2;144;42020.64
2022-07-02;79000226;5470657;Chain 2;240;49024.8
2022-07-23;79000226;5470657;Chain 2;480;98049.6
2022-08-05;79000226;5470657;Chain 2;144;29414.88